66,3
66,2
66,1
66,0
65,5
65,4
65,3
65,2
65,1
65,0
64,4
64,3
64,2
64,1
64,0
63,4
0,485
0,484
63,3
63,2
63,1
63,0
0,483
62,4
62,3
62,2
0,482
62,1
62,0
0,481
61,3
61,2
0,480
61,1
61,0
0,479
0,478
0,477
60,3
60,2
0,476
60,1
60,0
0,475
0,474
59,5
59,4
0,473
0,472
59,3
59,2
59,1
59,0
58,4
58,3
58,2
58,1
58,0
57,4
57,3
57,2
57,1
57,0
56,4
56,3
56,2
56,1
56,0
55,3
55,2
55,1
55,0
0,278
0,9
11,22
11,21
11,20
11,19
11,18
11,16
11,10
11,8
8,14
8,15
8,8
8,13
8,10
8,7
8,5
9,5
4,16
6,5
7,15
7,14
7,12
17,2
17,1
17,3
15,2
15,1
15,3
16,2
16,1
16,3
13,2
14,2
4,40
4,41
4,17
4,27
4,4
4,93
4,9
4,88
4,81
4,76
4,33
4,83
4,1
4,19
4,2
4,3
6,6
6,4
6,7
6,1
6,8
6,2
6,3
7,7
7,10
7,8
7,4
7,5
7,13
7,1
